RECVALL
bytes_read 0: 1024
0 block: 1024 cur: 12 write: 4294967295
0==0
k block: 1024 cur: 12 write: 4294967295
3 block: 1024 cur: 12 write: 4294967295
FILEHEADER: 1785 scrn14.png
4 block: 1024 cur: 80 write: 0
86 26 0 0 | 5 0 0 0 | 0 0 0 0 | -7 6 0 0 | 115 99 114 110 | 49 52 46 112 | 110 103 0 0 | 0 0 0 0 | 0 0 0 0 | 0 0 0 0 | 0 0 0 0 | 0 0 0 0 | 0 0 0 0 | 0 0 0 0 | 0 0 0 0 | 0 0 0 0 | 0 0 0 0 | 0 0 0 0 | 0 0 0 0 | 0 0 0 0 | -119 80 78 71 | 13 10 26 10 | 0 0 0 13 | 73 72 68 82 | 0 0 0 47 | 0 0 0 23 | 8 6 0 0 | 0 -101 14 22 | 108 0 0 0 | 4 115 66 73 | 84 8 8 8 | 8 124 8 100 | -120 0 0 0 | 25 116 69 88 | 116 83 111 102 | 
5 block: 1024 cur: 80 write: 0
www
File is open.
В ФАЙЛ БЫЛО ДОПИСАН: 944 БАЙТ!
bytes_read 2: 1024
64 34 -87 -63 | -104 90 58 -58 | 40 -103 3 -43 | -118 96 18 -60 | 117 102 108 -59 | -57 102 -49 -112 | -25 45 6 -59 | -128 17 27 76 | 113 3 56 117 | 63 -14 82 -97 | -80 -101 -103 -34 | -84 109 -74 10 | -91 -60 -114 74 | 98 11 111 113 | 117 -16 99 -118 | -86 -113 -70 -64 | 72 87 16 45 | 1 75 -107 70 | 88 11 86 77 | 109 96 -115 20 | 69 42 90 89 | -121 42 -114 0 | -117 106 -62 -112 | 16 45 -104 -103 | 58 -60 19 -99 | -125 88 102 24 | -69 17 81 35 | -104 -34 -98 -28 | 107 19 79 -66 | -79 71 -99 16 | 87 -74 45 98 | 55 44 114 -83 | -1 75 -118 114 | 3 -111 64 -108 | -120 33 34 41 | 
5 block: 1024 cur: 0 write: 944
www222
File is open.
В ФАЙЛ БЫЛО ДОПИСАН: 841 БАЙТ!
3 block: 1024 cur: 841 write: 1785
FILEHEADER: 1224 scrn15.png
4 block: 1024 cur: 909 write: 0
64 34 -87 -63 | -104 90 58 -58 | 40 -103 3 -43 | -118 96 18 -60 | 117 102 108 -59 | -57 102 -49 -112 | -25 45 6 -59 | -128 17 27 76 | 113 3 56 117 | 63 -14 82 -97 | -80 -101 -103 -34 | -84 109 -74 10 | -91 -60 -114 74 | 98 11 111 113 | 117 -16 99 -118 | -86 -113 -70 -64 | 72 87 16 45 | 1 75 -107 70 | 88 11 86 77 | 109 96 -115 20 | 69 42 90 89 | -121 42 -114 0 | -117 106 -62 -112 | 16 45 -104 -103 | 58 -60 19 -99 | -125 88 102 24 | -69 17 81 35 | -104 -34 -98 -28 | 107 19 79 -66 | -79 71 -99 16 | 87 -74 45 98 | 55 44 114 -83 | -1 75 -118 114 | 3 -111 64 -108 | -120 33 34 41 | 
5 block: 1024 cur: 909 write: 0
www
File is open.
В ФАЙЛ БЫЛО ДОПИСАН: 115 БАЙТ!
bytes_read 2: 1024
14 -56 51 -128 | 8 -47 -60 -123 | 36 106 12 38 | -30 -62 -123 11 | -3 15 -64 -107 | 27 -1 3 22 | 110 -108 29 11 | 19 -35 -88 -96 | 43 99 -60 68 | 77 124 -84 -40 | 17 -15 -123 -110 | 72 66 8 4 | 24 104 -58 -31 | -47 51 -45 -73 | 111 -33 91 117 | -114 -117 -70 -3 | 24 50 51 76 | 27 -8 -110 74 | 87 -11 -67 -9 | -100 -13 85 -99 | -13 -43 49 62 | -53 -43 -38 6 | -88 1 27 1 | 54 -52 -115 9 | 115 27 1 99 | 60 26 -92 -112 | 92 3 -55 33 | -53 64 45 76 | -20 1 -54 -85 | -6 90 -100 -61 | -122 -87 5 3 | 32 97 105 76 | -1 45 21 -64 | 63 -60 -96 7 | 81 10 46 -75 | 
5 block: 1024 cur: 0 write: 115
www
File is open.
В ФАЙЛ БЫЛО ДОПИСАН: 1024 БАЙТ!
bytes_read 2: 1024
-111 124 -58 -67 | -123 43 120 22 | 66 -7 96 113 | -66 -125 -30 16 | -55 49 40 88 | 91 -24 65 -124 | -91 6 -111 67 | -116 18 -37 81 | -78 44 -63 -48 | -95 66 25 76 | 21 -17 61 -99 | 78 11 -25 115 | -102 -2 87 -58 | -94 67 -84 51 | 19 4 117 -53 | 89 -82 -55 -5 | 15 -81 100 5 | 125 -127 -47 25 | 70 0 0 0 | 0 73 69 78 | 68 -82 66 96 | -126 -128 3 0 | 0 115 99 114 | 110 49 54 46 | 112 110 103 0 | 0 0 0 0 | 0 0 0 0 | 0 0 0 0 | 0 0 0 0 | 0 0 0 0 | 0 0 0 0 | 0 0 0 0 | 0 0 0 0 | 0 0 0 0 | 0 0 0 0 | 
5 block: 1024 cur: 0 write: 1139
www222
File is open.
В ФАЙЛ БЫЛО ДОПИСАН: 85 БАЙТ!
3 block: 1024 cur: 85 write: 1224
FILEHEADER: 896 scrn16.png
4 block: 1024 cur: 153 write: 0
-111 124 -58 -67 | -123 43 120 22 | 66 -7 96 113 | -66 -125 -30 16 | -55 49 40 88 | 91 -24 65 -124 | -91 6 -111 67 | -116 18 -37 81 | -78 44 -63 -48 | -95 66 25 76 | 21 -17 61 -99 | 78 11 -25 115 | -102 -2 87 -58 | -94 67 -84 51 | 19 4 117 -53 | 89 -82 -55 -5 | 15 -81 100 5 | 125 -127 -47 25 | 70 0 0 0 | 0 73 69 78 | 68 -82 66 96 | -126 -128 3 0 | 0 115 99 114 | 110 49 54 46 | 112 110 103 0 | 0 0 0 0 | 0 0 0 0 | 0 0 0 0 | 0 0 0 0 | 0 0 0 0 | 0 0 0 0 | 0 0 0 0 | 0 0 0 0 | 0 0 0 0 | 0 0 0 0 | 
5 block: 1024 cur: 153 write: 0
www
File is open.
В ФАЙЛ БЫЛО ДОПИСАН: 871 БАЙТ!
bytes_read 2: 1024
-87 61 -103 -1 | 3 7 -48 63 | -11 66 100 47 | -59 0 0 0 | 0 73 69 78 | 68 -82 66 96 | -126 -95 5 0 | 0 115 99 114 | 110 49 55 46 | 112 110 103 0 | 0 0 0 0 | 0 0 0 0 | 0 0 0 0 | 0 0 0 0 | 0 0 0 0 | 0 0 0 0 | 0 0 0 0 | 0 0 0 0 | 0 0 0 0 | 0 0 0 0 | 0 0 0 0 | 0 0 0 0 | 0 0 0 0 | 0 -119 80 78 | 71 13 10 26 | 10 0 0 0 | 13 73 72 68 | 82 0 0 0 | 47 0 0 0 | 15 8 6 0 | 0 0 116 -117 | -106 -102 0 0 | 0 4 115 66 | 73 84 8 8 | 8 8 124 8 | 
5 block: 1024 cur: 0 write: 871
www222
File is open.
В ФАЙЛ БЫЛО ДОПИСАН: 25 БАЙТ!
3 block: 1024 cur: 25 write: 896
FILEHEADER: 1441 scrn17.png
4 block: 1024 cur: 93 write: 0
-87 61 -103 -1 | 3 7 -48 63 | -11 66 100 47 | -59 0 0 0 | 0 73 69 78 | 68 -82 66 96 | -126 -95 5 0 | 0 115 99 114 | 110 49 55 46 | 112 110 103 0 | 0 0 0 0 | 0 0 0 0 | 0 0 0 0 | 0 0 0 0 | 0 0 0 0 | 0 0 0 0 | 0 0 0 0 | 0 0 0 0 | 0 0 0 0 | 0 0 0 0 | 0 0 0 0 | 0 0 0 0 | 0 0 0 0 | 0 -119 80 78 | 71 13 10 26 | 10 0 0 0 | 13 73 72 68 | 82 0 0 0 | 47 0 0 0 | 15 8 6 0 | 0 0 116 -117 | -106 -102 0 0 | 0 4 115 66 | 73 84 8 8 | 8 8 124 8 | 
5 block: 1024 cur: 93 write: 0
www
File is open.
В ФАЙЛ БЫЛО ДОПИСАН: 931 БАЙТ!
bytes_read 2: 1024
100 26 30 -48 | -72 75 57 -55 | -15 -99 -108 97 | -65 -57 -49 126 | -4 67 -126 21 | -4 39 123 -101 | 91 -7 123 -88 | 22 -44 82 -125 | 116 -63 106 4 | -59 -117 71 53 | -30 93 7 -115 | -118 8 -60 16 | -40 -115 87 -104 | -20 108 112 -94 | -9 109 -114 47 | 61 -61 -14 -46 | -46 125 65 91 | -61 50 9 24 | 102 10 34 8 | -66 -75 34 14 | 12 -65 -99 -120 | 41 -32 -25 -51 | 20 16 -46 -92 | 67 81 84 -8 | -70 -62 -100 17 | 52 -29 90 -2 | 27 118 -118 127 | 80 -124 12 -81 | 16 93 -115 -109 | -120 23 71 -116 | 14 -45 -108 -96 | 17 47 -122 19 | -113 106 69 -89 | -77 66 8 53 | 19 -67 -51 78 | 
5 block: 1024 cur: 0 write: 931
www222
File is open.
В ФАЙЛ БЫЛО ДОПИСАН: 510 БАЙТ!
3 block: 1024 cur: 510 write: 1441
FILEHEADER: 1044 scrn18.png
4 block: 1024 cur: 578 write: 0
100 26 30 -48 | -72 75 57 -55 | -15 -99 -108 97 | -65 -57 -49 126 | -4 67 -126 21 | -4 39 123 -101 | 91 -7 123 -88 | 22 -44 82 -125 | 116 -63 106 4 | -59 -117 71 53 | -30 93 7 -115 | -118 8 -60 16 | -40 -115 87 -104 | -20 108 112 -94 | -9 109 -114 47 | 61 -61 -14 -46 | -46 125 65 91 | -61 50 9 24 | 102 10 34 8 | -66 -75 34 14 | 12 -65 -99 -120 | 41 -32 -25 -51 | 20 16 -46 -92 | 67 81 84 -8 | -70 -62 -100 17 | 52 -29 90 -2 | 27 118 -118 127 | 80 -124 12 -81 | 16 93 -115 -109 | -120 23 71 -116 | 14 -45 -108 -96 | 17 47 -122 19 | -113 106 69 -89 | -77 66 8 53 | 19 -67 -51 78 | 
5 block: 1024 cur: 578 write: 0
www
File is open.
В ФАЙЛ БЫЛО ДОПИСАН: 446 БАЙТ!
bytes_read 2: 598
3 -54 -73 -105 | -66 -30 -35 119 | -50 114 -30 -8 | 81 -34 -1 -32 | -4 -82 117 -62 | 46 -24 118 -37 | -38 111 -73 61 | -41 -82 -2 70 | -67 86 99 -2 | -39 -41 56 118 | 124 -122 -60 -35 | 34 118 127 16 | 103 -85 108 0 | -83 -20 46 -94 | 17 107 -15 10 | 125 -31 56 -30 | 122 -104 -88 -2 | 67 -75 50 -49 | -53 -49 -49 51 | 56 88 -27 -62 | -57 -97 -80 -68 | 120 -99 -79 -119 | -39 -35 -64 21 | 80 -112 98 121 | 41 -68 -100 -36 | 14 119 -40 -45 | -10 50 -12 -108 | 66 -50 -99 123 | -113 -109 115 79 | 0 77 -106 -109 | 111 -80 126 21 | 0 -25 19 4 | -56 124 -122 -90 | 53 -46 84 9 | 52 100 -93 -7 | 
5 block: 598 cur: 0 write: 446
www
File is open.
В ФАЙЛ БЫЛО ДОПИСАН: 598 БАЙТ!
RECVALL
bytes_read 0: 1024
0 block: 1024 cur: 12 write: 4294967295
0==0
k block: 1024 cur: 12 write: 4294967295
3 block: 1024 cur: 12 write: 4294967295
FILEHEADER: 1785 scrn14.png
4 block: 1024 cur: 80 write: 0
86 26 0 0 | 5 0 0 0 | 0 0 0 0 | -7 6 0 0 | 115 99 114 110 | 49 52 46 112 | 110 103 0 0 | 0 0 0 0 | 0 0 0 0 | 0 0 0 0 | 0 0 0 0 | 0 0 0 0 | 0 0 0 0 | 0 0 0 0 | 0 0 0 0 | 0 0 0 0 | 0 0 0 0 | 0 0 0 0 | 0 0 0 0 | 0 0 0 0 | -119 80 78 71 | 13 10 26 10 | 0 0 0 13 | 73 72 68 82 | 0 0 0 47 | 0 0 0 23 | 8 6 0 0 | 0 -101 14 22 | 108 0 0 0 | 4 115 66 73 | 84 8 8 8 | 8 124 8 100 | -120 0 0 0 | 25 116 69 88 | 116 83 111 102 | 
5 block: 1024 cur: 80 write: 0
www
File is open.
В ФАЙЛ БЫЛО ДОПИСАН: 944 БАЙТ!
bytes_read 2: 1024
64 34 -87 -63 | -104 90 58 -58 | 40 -103 3 -43 | -118 96 18 -60 | 117 102 108 -59 | -57 102 -49 -112 | -25 45 6 -59 | -128 17 27 76 | 113 3 56 117 | 63 -14 82 -97 | -80 -101 -103 -34 | -84 109 -74 10 | -91 -60 -114 74 | 98 11 111 113 | 117 -16 99 -118 | -86 -113 -70 -64 | 72 87 16 45 | 1 75 -107 70 | 88 11 86 77 | 109 96 -115 20 | 69 42 90 89 | -121 42 -114 0 | -117 106 -62 -112 | 16 45 -104 -103 | 58 -60 19 -99 | -125 88 102 24 | -69 17 81 35 | -104 -34 -98 -28 | 107 19 79 -66 | -79 71 -99 16 | 87 -74 45 98 | 55 44 114 -83 | -1 75 -118 114 | 3 -111 64 -108 | -120 33 34 41 | 
5 block: 1024 cur: 0 write: 944
www222
File is open.
В ФАЙЛ БЫЛО ДОПИСАН: 841 БАЙТ!
3 block: 1024 cur: 841 write: 1785
FILEHEADER: 1224 scrn15.png
4 block: 1024 cur: 909 write: 0
64 34 -87 -63 | -104 90 58 -58 | 40 -103 3 -43 | -118 96 18 -60 | 117 102 108 -59 | -57 102 -49 -112 | -25 45 6 -59 | -128 17 27 76 | 113 3 56 117 | 63 -14 82 -97 | -80 -101 -103 -34 | -84 109 -74 10 | -91 -60 -114 74 | 98 11 111 113 | 117 -16 99 -118 | -86 -113 -70 -64 | 72 87 16 45 | 1 75 -107 70 | 88 11 86 77 | 109 96 -115 20 | 69 42 90 89 | -121 42 -114 0 | -117 106 -62 -112 | 16 45 -104 -103 | 58 -60 19 -99 | -125 88 102 24 | -69 17 81 35 | -104 -34 -98 -28 | 107 19 79 -66 | -79 71 -99 16 | 87 -74 45 98 | 55 44 114 -83 | -1 75 -118 114 | 3 -111 64 -108 | -120 33 34 41 | 
5 block: 1024 cur: 909 write: 0
www
File is open.
В ФАЙЛ БЫЛО ДОПИСАН: 115 БАЙТ!
bytes_read 2: 1024
14 -56 51 -128 | 8 -47 -60 -123 | 36 106 12 38 | -30 -62 -123 11 | -3 15 -64 -107 | 27 -1 3 22 | 110 -108 29 11 | 19 -35 -88 -96 | 43 99 -60 68 | 77 124 -84 -40 | 17 -15 -123 -110 | 72 66 8 4 | 24 104 -58 -31 | -47 51 -45 -73 | 111 -33 91 117 | -114 -117 -70 -3 | 24 50 51 76 | 27 -8 -110 74 | 87 -11 -67 -9 | -100 -13 85 -99 | -13 -43 49 62 | -53 -43 -38 6 | -88 1 27 1 | 54 -52 -115 9 | 115 27 1 99 | 60 26 -92 -112 | 92 3 -55 33 | -53 64 45 76 | -20 1 -54 -85 | -6 90 -100 -61 | -122 -87 5 3 | 32 97 105 76 | -1 45 21 -64 | 63 -60 -96 7 | 81 10 46 -75 | 
5 block: 1024 cur: 0 write: 115
www
File is open.
В ФАЙЛ БЫЛО ДОПИСАН: 1024 БАЙТ!
bytes_read 2: 1024
-111 124 -58 -67 | -123 43 120 22 | 66 -7 96 113 | -66 -125 -30 16 | -55 49 40 88 | 91 -24 65 -124 | -91 6 -111 67 | -116 18 -37 81 | -78 44 -63 -48 | -95 66 25 76 | 21 -17 61 -99 | 78 11 -25 115 | -102 -2 87 -58 | -94 67 -84 51 | 19 4 117 -53 | 89 -82 -55 -5 | 15 -81 100 5 | 125 -127 -47 25 | 70 0 0 0 | 0 73 69 78 | 68 -82 66 96 | -126 -128 3 0 | 0 115 99 114 | 110 49 54 46 | 112 110 103 0 | 0 0 0 0 | 0 0 0 0 | 0 0 0 0 | 0 0 0 0 | 0 0 0 0 | 0 0 0 0 | 0 0 0 0 | 0 0 0 0 | 0 0 0 0 | 0 0 0 0 | 
5 block: 1024 cur: 0 write: 1139
www222
File is open.
В ФАЙЛ БЫЛО ДОПИСАН: 85 БАЙТ!
3 block: 1024 cur: 85 write: 1224
FILEHEADER: 896 scrn16.png
4 block: 1024 cur: 153 write: 0
-111 124 -58 -67 | -123 43 120 22 | 66 -7 96 113 | -66 -125 -30 16 | -55 49 40 88 | 91 -24 65 -124 | -91 6 -111 67 | -116 18 -37 81 | -78 44 -63 -48 | -95 66 25 76 | 21 -17 61 -99 | 78 11 -25 115 | -102 -2 87 -58 | -94 67 -84 51 | 19 4 117 -53 | 89 -82 -55 -5 | 15 -81 100 5 | 125 -127 -47 25 | 70 0 0 0 | 0 73 69 78 | 68 -82 66 96 | -126 -128 3 0 | 0 115 99 114 | 110 49 54 46 | 112 110 103 0 | 0 0 0 0 | 0 0 0 0 | 0 0 0 0 | 0 0 0 0 | 0 0 0 0 | 0 0 0 0 | 0 0 0 0 | 0 0 0 0 | 0 0 0 0 | 0 0 0 0 | 
5 block: 1024 cur: 153 write: 0
www
File is open.
В ФАЙЛ БЫЛО ДОПИСАН: 871 БАЙТ!
bytes_read 2: 1024
-87 61 -103 -1 | 3 7 -48 63 | -11 66 100 47 | -59 0 0 0 | 0 73 69 78 | 68 -82 66 96 | -126 -95 5 0 | 0 115 99 114 | 110 49 55 46 | 112 110 103 0 | 0 0 0 0 | 0 0 0 0 | 0 0 0 0 | 0 0 0 0 | 0 0 0 0 | 0 0 0 0 | 0 0 0 0 | 0 0 0 0 | 0 0 0 0 | 0 0 0 0 | 0 0 0 0 | 0 0 0 0 | 0 0 0 0 | 0 -119 80 78 | 71 13 10 26 | 10 0 0 0 | 13 73 72 68 | 82 0 0 0 | 47 0 0 0 | 15 8 6 0 | 0 0 116 -117 | -106 -102 0 0 | 0 4 115 66 | 73 84 8 8 | 8 8 124 8 | 
5 block: 1024 cur: 0 write: 871
www222
File is open.
В ФАЙЛ БЫЛО ДОПИСАН: 25 БАЙТ!
3 block: 1024 cur: 25 write: 896
FILEHEADER: 1441 scrn17.png
4 block: 1024 cur: 93 write: 0
-87 61 -103 -1 | 3 7 -48 63 | -11 66 100 47 | -59 0 0 0 | 0 73 69 78 | 68 -82 66 96 | -126 -95 5 0 | 0 115 99 114 | 110 49 55 46 | 112 110 103 0 | 0 0 0 0 | 0 0 0 0 | 0 0 0 0 | 0 0 0 0 | 0 0 0 0 | 0 0 0 0 | 0 0 0 0 | 0 0 0 0 | 0 0 0 0 | 0 0 0 0 | 0 0 0 0 | 0 0 0 0 | 0 0 0 0 | 0 -119 80 78 | 71 13 10 26 | 10 0 0 0 | 13 73 72 68 | 82 0 0 0 | 47 0 0 0 | 15 8 6 0 | 0 0 116 -117 | -106 -102 0 0 | 0 4 115 66 | 73 84 8 8 | 8 8 124 8 | 
5 block: 1024 cur: 93 write: 0
www
File is open.
В ФАЙЛ БЫЛО ДОПИСАН: 931 БАЙТ!
bytes_read 2: 1024
100 26 30 -48 | -72 75 57 -55 | -15 -99 -108 97 | -65 -57 -49 126 | -4 67 -126 21 | -4 39 123 -101 | 91 -7 123 -88 | 22 -44 82 -125 | 116 -63 106 4 | -59 -117 71 53 | -30 93 7 -115 | -118 8 -60 16 | -40 -115 87 -104 | -20 108 112 -94 | -9 109 -114 47 | 61 -61 -14 -46 | -46 125 65 91 | -61 50 9 24 | 102 10 34 8 | -66 -75 34 14 | 12 -65 -99 -120 | 41 -32 -25 -51 | 20 16 -46 -92 | 67 81 84 -8 | -70 -62 -100 17 | 52 -29 90 -2 | 27 118 -118 127 | 80 -124 12 -81 | 16 93 -115 -109 | -120 23 71 -116 | 14 -45 -108 -96 | 17 47 -122 19 | -113 106 69 -89 | -77 66 8 53 | 19 -67 -51 78 | 
5 block: 1024 cur: 0 write: 931
www222
File is open.
В ФАЙЛ БЫЛО ДОПИСАН: 510 БАЙТ!
3 block: 1024 cur: 510 write: 1441
FILEHEADER: 1044 scrn18.png
4 block: 1024 cur: 578 write: 0
100 26 30 -48 | -72 75 57 -55 | -15 -99 -108 97 | -65 -57 -49 126 | -4 67 -126 21 | -4 39 123 -101 | 91 -7 123 -88 | 22 -44 82 -125 | 116 -63 106 4 | -59 -117 71 53 | -30 93 7 -115 | -118 8 -60 16 | -40 -115 87 -104 | -20 108 112 -94 | -9 109 -114 47 | 61 -61 -14 -46 | -46 125 65 91 | -61 50 9 24 | 102 10 34 8 | -66 -75 34 14 | 12 -65 -99 -120 | 41 -32 -25 -51 | 20 16 -46 -92 | 67 81 84 -8 | -70 -62 -100 17 | 52 -29 90 -2 | 27 118 -118 127 | 80 -124 12 -81 | 16 93 -115 -109 | -120 23 71 -116 | 14 -45 -108 -96 | 17 47 -122 19 | -113 106 69 -89 | -77 66 8 53 | 19 -67 -51 78 | 
5 block: 1024 cur: 578 write: 0
www
File is open.
В ФАЙЛ БЫЛО ДОПИСАН: 446 БАЙТ!
bytes_read 2: 598
3 -54 -73 -105 | -66 -30 -35 119 | -50 114 -30 -8 | 81 -34 -1 -32 | -4 -82 117 -62 | 46 -24 118 -37 | -38 111 -73 61 | -41 -82 -2 70 | -67 86 99 -2 | -39 -41 56 118 | 124 -122 -60 -35 | 34 118 127 16 | 103 -85 108 0 | -83 -20 46 -94 | 17 107 -15 10 | 125 -31 56 -30 | 122 -104 -88 -2 | 67 -75 50 -49 | -53 -49 -49 51 | 56 88 -27 -62 | -57 -97 -80 -68 | 120 -99 -79 -119 | -39 -35 -64 21 | 80 -112 98 121 | 41 -68 -100 -36 | 14 119 -40 -45 | -10 50 -12 -108 | 66 -50 -99 123 | -113 -109 115 79 | 0 77 -106 -109 | 111 -80 126 21 | 0 -25 19 4 | -56 124 -122 -90 | 53 -46 84 9 | 52 100 -93 -7 | 
5 block: 598 cur: 0 write: 446
www
File is open.
В ФАЙЛ БЫЛО ДОПИСАН: 598 БАЙТ!
RECVALL
bytes_read 0: 1024
0 block: 1024 cur: 12 write: 4294967295
0==0
k block: 1024 cur: 12 write: 4294967295
3 block: 1024 cur: 12 write: 4294967295
FILEHEADER: 1785 scrn14.png
4 block: 1024 cur: 80 write: 0
86 26 0 0 | 5 0 0 0 | 0 0 0 0 | -7 6 0 0 | 115 99 114 110 | 49 52 46 112 | 110 103 0 0 | 0 0 0 0 | 0 0 0 0 | 0 0 0 0 | 0 0 0 0 | 0 0 0 0 | 0 0 0 0 | 0 0 0 0 | 0 0 0 0 | 0 0 0 0 | 0 0 0 0 | 0 0 0 0 | 0 0 0 0 | 0 0 0 0 | -119 80 78 71 | 13 10 26 10 | 0 0 0 13 | 73 72 68 82 | 0 0 0 47 | 0 0 0 23 | 8 6 0 0 | 0 -101 14 22 | 108 0 0 0 | 4 115 66 73 | 84 8 8 8 | 8 124 8 100 | -120 0 0 0 | 25 116 69 88 | 116 83 111 102 | 
5 block: 1024 cur: 80 write: 0
www
File is open.
В ФАЙЛ БЫЛО ДОПИСАН: 944 БАЙТ!
bytes_read 2: 1024
64 34 -87 -63 | -104 90 58 -58 | 40 -103 3 -43 | -118 96 18 -60 | 117 102 108 -59 | -57 102 -49 -112 | -25 45 6 -59 | -128 17 27 76 | 113 3 56 117 | 63 -14 82 -97 | -80 -101 -103 -34 | -84 109 -74 10 | -91 -60 -114 74 | 98 11 111 113 | 117 -16 99 -118 | -86 -113 -70 -64 | 72 87 16 45 | 1 75 -107 70 | 88 11 86 77 | 109 96 -115 20 | 69 42 90 89 | -121 42 -114 0 | -117 106 -62 -112 | 16 45 -104 -103 | 58 -60 19 -99 | -125 88 102 24 | -69 17 81 35 | -104 -34 -98 -28 | 107 19 79 -66 | -79 71 -99 16 | 87 -74 45 98 | 55 44 114 -83 | -1 75 -118 114 | 3 -111 64 -108 | -120 33 34 41 | 
5 block: 1024 cur: 0 write: 944
www222
File is open.
В ФАЙЛ БЫЛО ДОПИСАН: 841 БАЙТ!
3 block: 1024 cur: 841 write: 1785
FILEHEADER: 1224 scrn15.png
4 block: 1024 cur: 909 write: 0
64 34 -87 -63 | -104 90 58 -58 | 40 -103 3 -43 | -118 96 18 -60 | 117 102 108 -59 | -57 102 -49 -112 | -25 45 6 -59 | -128 17 27 76 | 113 3 56 117 | 63 -14 82 -97 | -80 -101 -103 -34 | -84 109 -74 10 | -91 -60 -114 74 | 98 11 111 113 | 117 -16 99 -118 | -86 -113 -70 -64 | 72 87 16 45 | 1 75 -107 70 | 88 11 86 77 | 109 96 -115 20 | 69 42 90 89 | -121 42 -114 0 | -117 106 -62 -112 | 16 45 -104 -103 | 58 -60 19 -99 | -125 88 102 24 | -69 17 81 35 | -104 -34 -98 -28 | 107 19 79 -66 | -79 71 -99 16 | 87 -74 45 98 | 55 44 114 -83 | -1 75 -118 114 | 3 -111 64 -108 | -120 33 34 41 | 
5 block: 1024 cur: 909 write: 0
www
File is open.
В ФАЙЛ БЫЛО ДОПИСАН: 115 БАЙТ!
bytes_read 2: 1024
14 -56 51 -128 | 8 -47 -60 -123 | 36 106 12 38 | -30 -62 -123 11 | -3 15 -64 -107 | 27 -1 3 22 | 110 -108 29 11 | 19 -35 -88 -96 | 43 99 -60 68 | 77 124 -84 -40 | 17 -15 -123 -110 | 72 66 8 4 | 24 104 -58 -31 | -47 51 -45 -73 | 111 -33 91 117 | -114 -117 -70 -3 | 24 50 51 76 | 27 -8 -110 74 | 87 -11 -67 -9 | -100 -13 85 -99 | -13 -43 49 62 | -53 -43 -38 6 | -88 1 27 1 | 54 -52 -115 9 | 115 27 1 99 | 60 26 -92 -112 | 92 3 -55 33 | -53 64 45 76 | -20 1 -54 -85 | -6 90 -100 -61 | -122 -87 5 3 | 32 97 105 76 | -1 45 21 -64 | 63 -60 -96 7 | 81 10 46 -75 | 
5 block: 1024 cur: 0 write: 115
www
File is open.
В ФАЙЛ БЫЛО ДОПИСАН: 1024 БАЙТ!
bytes_read 2: 1024
-111 124 -58 -67 | -123 43 120 22 | 66 -7 96 113 | -66 -125 -30 16 | -55 49 40 88 | 91 -24 65 -124 | -91 6 -111 67 | -116 18 -37 81 | -78 44 -63 -48 | -95 66 25 76 | 21 -17 61 -99 | 78 11 -25 115 | -102 -2 87 -58 | -94 67 -84 51 | 19 4 117 -53 | 89 -82 -55 -5 | 15 -81 100 5 | 125 -127 -47 25 | 70 0 0 0 | 0 73 69 78 | 68 -82 66 96 | -126 -128 3 0 | 0 115 99 114 | 110 49 54 46 | 112 110 103 0 | 0 0 0 0 | 0 0 0 0 | 0 0 0 0 | 0 0 0 0 | 0 0 0 0 | 0 0 0 0 | 0 0 0 0 | 0 0 0 0 | 0 0 0 0 | 0 0 0 0 | 
5 block: 1024 cur: 0 write: 1139
www222
File is open.
В ФАЙЛ БЫЛО ДОПИСАН: 85 БАЙТ!
3 block: 1024 cur: 85 write: 1224
FILEHEADER: 896 scrn16.png
4 block: 1024 cur: 153 write: 0
-111 124 -58 -67 | -123 43 120 22 | 66 -7 96 113 | -66 -125 -30 16 | -55 49 40 88 | 91 -24 65 -124 | -91 6 -111 67 | -116 18 -37 81 | -78 44 -63 -48 | -95 66 25 76 | 21 -17 61 -99 | 78 11 -25 115 | -102 -2 87 -58 | -94 67 -84 51 | 19 4 117 -53 | 89 -82 -55 -5 | 15 -81 100 5 | 125 -127 -47 25 | 70 0 0 0 | 0 73 69 78 | 68 -82 66 96 | -126 -128 3 0 | 0 115 99 114 | 110 49 54 46 | 112 110 103 0 | 0 0 0 0 | 0 0 0 0 | 0 0 0 0 | 0 0 0 0 | 0 0 0 0 | 0 0 0 0 | 0 0 0 0 | 0 0 0 0 | 0 0 0 0 | 0 0 0 0 | 
5 block: 1024 cur: 153 write: 0
www
File is open.
В ФАЙЛ БЫЛО ДОПИСАН: 871 БАЙТ!
bytes_read 2: 1024
-87 61 -103 -1 | 3 7 -48 63 | -11 66 100 47 | -59 0 0 0 | 0 73 69 78 | 68 -82 66 96 | -126 -95 5 0 | 0 115 99 114 | 110 49 55 46 | 112 110 103 0 | 0 0 0 0 | 0 0 0 0 | 0 0 0 0 | 0 0 0 0 | 0 0 0 0 | 0 0 0 0 | 0 0 0 0 | 0 0 0 0 | 0 0 0 0 | 0 0 0 0 | 0 0 0 0 | 0 0 0 0 | 0 0 0 0 | 0 -119 80 78 | 71 13 10 26 | 10 0 0 0 | 13 73 72 68 | 82 0 0 0 | 47 0 0 0 | 15 8 6 0 | 0 0 116 -117 | -106 -102 0 0 | 0 4 115 66 | 73 84 8 8 | 8 8 124 8 | 
5 block: 1024 cur: 0 write: 871
www222
File is open.
В ФАЙЛ БЫЛО ДОПИСАН: 25 БАЙТ!
3 block: 1024 cur: 25 write: 896
FILEHEADER: 1441 scrn17.png
4 block: 1024 cur: 93 write: 0
-87 61 -103 -1 | 3 7 -48 63 | -11 66 100 47 | -59 0 0 0 | 0 73 69 78 | 68 -82 66 96 | -126 -95 5 0 | 0 115 99 114 | 110 49 55 46 | 112 110 103 0 | 0 0 0 0 | 0 0 0 0 | 0 0 0 0 | 0 0 0 0 | 0 0 0 0 | 0 0 0 0 | 0 0 0 0 | 0 0 0 0 | 0 0 0 0 | 0 0 0 0 | 0 0 0 0 | 0 0 0 0 | 0 0 0 0 | 0 -119 80 78 | 71 13 10 26 | 10 0 0 0 | 13 73 72 68 | 82 0 0 0 | 47 0 0 0 | 15 8 6 0 | 0 0 116 -117 | -106 -102 0 0 | 0 4 115 66 | 73 84 8 8 | 8 8 124 8 | 
5 block: 1024 cur: 93 write: 0
www
File is open.
В ФАЙЛ БЫЛО ДОПИСАН: 931 БАЙТ!
bytes_read 2: 1024
100 26 30 -48 | -72 75 57 -55 | -15 -99 -108 97 | -65 -57 -49 126 | -4 67 -126 21 | -4 39 123 -101 | 91 -7 123 -88 | 22 -44 82 -125 | 116 -63 106 4 | -59 -117 71 53 | -30 93 7 -115 | -118 8 -60 16 | -40 -115 87 -104 | -20 108 112 -94 | -9 109 -114 47 | 61 -61 -14 -46 | -46 125 65 91 | -61 50 9 24 | 102 10 34 8 | -66 -75 34 14 | 12 -65 -99 -120 | 41 -32 -25 -51 | 20 16 -46 -92 | 67 81 84 -8 | -70 -62 -100 17 | 52 -29 90 -2 | 27 118 -118 127 | 80 -124 12 -81 | 16 93 -115 -109 | -120 23 71 -116 | 14 -45 -108 -96 | 17 47 -122 19 | -113 106 69 -89 | -77 66 8 53 | 19 -67 -51 78 | 
5 block: 1024 cur: 0 write: 931
www222
File is open.
В ФАЙЛ БЫЛО ДОПИСАН: 510 БАЙТ!
3 block: 1024 cur: 510 write: 1441
FILEHEADER: 1044 scrn18.png
4 block: 1024 cur: 578 write: 0
100 26 30 -48 | -72 75 57 -55 | -15 -99 -108 97 | -65 -57 -49 126 | -4 67 -126 21 | -4 39 123 -101 | 91 -7 123 -88 | 22 -44 82 -125 | 116 -63 106 4 | -59 -117 71 53 | -30 93 7 -115 | -118 8 -60 16 | -40 -115 87 -104 | -20 108 112 -94 | -9 109 -114 47 | 61 -61 -14 -46 | -46 125 65 91 | -61 50 9 24 | 102 10 34 8 | -66 -75 34 14 | 12 -65 -99 -120 | 41 -32 -25 -51 | 20 16 -46 -92 | 67 81 84 -8 | -70 -62 -100 17 | 52 -29 90 -2 | 27 118 -118 127 | 80 -124 12 -81 | 16 93 -115 -109 | -120 23 71 -116 | 14 -45 -108 -96 | 17 47 -122 19 | -113 106 69 -89 | -77 66 8 53 | 19 -67 -51 78 | 
5 block: 1024 cur: 578 write: 0
www
File is open.
В ФАЙЛ БЫЛО ДОПИСАН: 446 БАЙТ!
bytes_read 2: 598
3 -54 -73 -105 | -66 -30 -35 119 | -50 114 -30 -8 | 81 -34 -1 -32 | -4 -82 117 -62 | 46 -24 118 -37 | -38 111 -73 61 | -41 -82 -2 70 | -67 86 99 -2 | -39 -41 56 118 | 124 -122 -60 -35 | 34 118 127 16 | 103 -85 108 0 | -83 -20 46 -94 | 17 107 -15 10 | 125 -31 56 -30 | 122 -104 -88 -2 | 67 -75 50 -49 | -53 -49 -49 51 | 56 88 -27 -62 | -57 -97 -80 -68 | 120 -99 -79 -119 | -39 -35 -64 21 | 80 -112 98 121 | 41 -68 -100 -36 | 14 119 -40 -45 | -10 50 -12 -108 | 66 -50 -99 123 | -113 -109 115 79 | 0 77 -106 -109 | 111 -80 126 21 | 0 -25 19 4 | -56 124 -122 -90 | 53 -46 84 9 | 52 100 -93 -7 | 
5 block: 598 cur: 0 write: 446
www
File is open.
В ФАЙЛ БЫЛО ДОПИСАН: 598 БАЙТ!
RECVALL
Error: recvAll() bytes_read <= 0
RECVALL
bytes_read 0: 1024
0 block: 1024 cur: 12 write: 4294967295
0==0
k block: 1024 cur: 12 write: 4294967295
3 block: 1024 cur: 12 write: 4294967295
FILEHEADER: 1785 scrn14.png
4 block: 1024 cur: 80 write: 0
86 26 0 0 | 5 0 0 0 | 0 0 0 0 | -7 6 0 0 | 115 99 114 110 | 49 52 46 112 | 110 103 0 0 | 0 0 0 0 | 0 0 0 0 | 0 0 0 0 | 0 0 0 0 | 0 0 0 0 | 0 0 0 0 | 0 0 0 0 | 0 0 0 0 | 0 0 0 0 | 0 0 0 0 | 0 0 0 0 | 0 0 0 0 | 0 0 0 0 | -119 80 78 71 | 13 10 26 10 | 0 0 0 13 | 73 72 68 82 | 0 0 0 47 | 0 0 0 23 | 8 6 0 0 | 0 -101 14 22 | 108 0 0 0 | 4 115 66 73 | 84 8 8 8 | 8 124 8 100 | -120 0 0 0 | 25 116 69 88 | 116 83 111 102 | 
5 block: 1024 cur: 80 write: 0
www
File is open.
В ФАЙЛ БЫЛО ДОПИСАН: 944 БАЙТ!
bytes_read 2: 1024
64 34 -87 -63 | -104 90 58 -58 | 40 -103 3 -43 | -118 96 18 -60 | 117 102 108 -59 | -57 102 -49 -112 | -25 45 6 -59 | -128 17 27 76 | 113 3 56 117 | 63 -14 82 -97 | -80 -101 -103 -34 | -84 109 -74 10 | -91 -60 -114 74 | 98 11 111 113 | 117 -16 99 -118 | -86 -113 -70 -64 | 72 87 16 45 | 1 75 -107 70 | 88 11 86 77 | 109 96 -115 20 | 69 42 90 89 | -121 42 -114 0 | -117 106 -62 -112 | 16 45 -104 -103 | 58 -60 19 -99 | -125 88 102 24 | -69 17 81 35 | -104 -34 -98 -28 | 107 19 79 -66 | -79 71 -99 16 | 87 -74 45 98 | 55 44 114 -83 | -1 75 -118 114 | 3 -111 64 -108 | -120 33 34 41 | 
5 block: 1024 cur: 0 write: 944
www222
File is open.
В ФАЙЛ БЫЛО ДОПИСАН: 841 БАЙТ!
3 block: 1024 cur: 841 write: 1785
FILEHEADER: 1224 scrn15.png
4 block: 1024 cur: 909 write: 0
64 34 -87 -63 | -104 90 58 -58 | 40 -103 3 -43 | -118 96 18 -60 | 117 102 108 -59 | -57 102 -49 -112 | -25 45 6 -59 | -128 17 27 76 | 113 3 56 117 | 63 -14 82 -97 | -80 -101 -103 -34 | -84 109 -74 10 | -91 -60 -114 74 | 98 11 111 113 | 117 -16 99 -118 | -86 -113 -70 -64 | 72 87 16 45 | 1 75 -107 70 | 88 11 86 77 | 109 96 -115 20 | 69 42 90 89 | -121 42 -114 0 | -117 106 -62 -112 | 16 45 -104 -103 | 58 -60 19 -99 | -125 88 102 24 | -69 17 81 35 | -104 -34 -98 -28 | 107 19 79 -66 | -79 71 -99 16 | 87 -74 45 98 | 55 44 114 -83 | -1 75 -118 114 | 3 -111 64 -108 | -120 33 34 41 | 
5 block: 1024 cur: 909 write: 0
www
File is open.
В ФАЙЛ БЫЛО ДОПИСАН: 115 БАЙТ!
bytes_read 2: 1024
14 -56 51 -128 | 8 -47 -60 -123 | 36 106 12 38 | -30 -62 -123 11 | -3 15 -64 -107 | 27 -1 3 22 | 110 -108 29 11 | 19 -35 -88 -96 | 43 99 -60 68 | 77 124 -84 -40 | 17 -15 -123 -110 | 72 66 8 4 | 24 104 -58 -31 | -47 51 -45 -73 | 111 -33 91 117 | -114 -117 -70 -3 | 24 50 51 76 | 27 -8 -110 74 | 87 -11 -67 -9 | -100 -13 85 -99 | -13 -43 49 62 | -53 -43 -38 6 | -88 1 27 1 | 54 -52 -115 9 | 115 27 1 99 | 60 26 -92 -112 | 92 3 -55 33 | -53 64 45 76 | -20 1 -54 -85 | -6 90 -100 -61 | -122 -87 5 3 | 32 97 105 76 | -1 45 21 -64 | 63 -60 -96 7 | 81 10 46 -75 | 
5 block: 1024 cur: 0 write: 115
www
File is open.
В ФАЙЛ БЫЛО ДОПИСАН: 1024 БАЙТ!
bytes_read 2: 1024
-111 124 -58 -67 | -123 43 120 22 | 66 -7 96 113 | -66 -125 -30 16 | -55 49 40 88 | 91 -24 65 -124 | -91 6 -111 67 | -116 18 -37 81 | -78 44 -63 -48 | -95 66 25 76 | 21 -17 61 -99 | 78 11 -25 115 | -102 -2 87 -58 | -94 67 -84 51 | 19 4 117 -53 | 89 -82 -55 -5 | 15 -81 100 5 | 125 -127 -47 25 | 70 0 0 0 | 0 73 69 78 | 68 -82 66 96 | -126 -128 3 0 | 0 115 99 114 | 110 49 54 46 | 112 110 103 0 | 0 0 0 0 | 0 0 0 0 | 0 0 0 0 | 0 0 0 0 | 0 0 0 0 | 0 0 0 0 | 0 0 0 0 | 0 0 0 0 | 0 0 0 0 | 0 0 0 0 | 
5 block: 1024 cur: 0 write: 1139
www222
File is open.
В ФАЙЛ БЫЛО ДОПИСАН: 85 БАЙТ!
3 block: 1024 cur: 85 write: 1224
FILEHEADER: 896 scrn16.png
4 block: 1024 cur: 153 write: 0
-111 124 -58 -67 | -123 43 120 22 | 66 -7 96 113 | -66 -125 -30 16 | -55 49 40 88 | 91 -24 65 -124 | -91 6 -111 67 | -116 18 -37 81 | -78 44 -63 -48 | -95 66 25 76 | 21 -17 61 -99 | 78 11 -25 115 | -102 -2 87 -58 | -94 67 -84 51 | 19 4 117 -53 | 89 -82 -55 -5 | 15 -81 100 5 | 125 -127 -47 25 | 70 0 0 0 | 0 73 69 78 | 68 -82 66 96 | -126 -128 3 0 | 0 115 99 114 | 110 49 54 46 | 112 110 103 0 | 0 0 0 0 | 0 0 0 0 | 0 0 0 0 | 0 0 0 0 | 0 0 0 0 | 0 0 0 0 | 0 0 0 0 | 0 0 0 0 | 0 0 0 0 | 0 0 0 0 | 
5 block: 1024 cur: 153 write: 0
www
File is open.
В ФАЙЛ БЫЛО ДОПИСАН: 871 БАЙТ!
bytes_read 2: 1024
-87 61 -103 -1 | 3 7 -48 63 | -11 66 100 47 | -59 0 0 0 | 0 73 69 78 | 68 -82 66 96 | -126 -95 5 0 | 0 115 99 114 | 110 49 55 46 | 112 110 103 0 | 0 0 0 0 | 0 0 0 0 | 0 0 0 0 | 0 0 0 0 | 0 0 0 0 | 0 0 0 0 | 0 0 0 0 | 0 0 0 0 | 0 0 0 0 | 0 0 0 0 | 0 0 0 0 | 0 0 0 0 | 0 0 0 0 | 0 -119 80 78 | 71 13 10 26 | 10 0 0 0 | 13 73 72 68 | 82 0 0 0 | 47 0 0 0 | 15 8 6 0 | 0 0 116 -117 | -106 -102 0 0 | 0 4 115 66 | 73 84 8 8 | 8 8 124 8 | 
5 block: 1024 cur: 0 write: 871
www222
File is open.
В ФАЙЛ БЫЛО ДОПИСАН: 25 БАЙТ!
3 block: 1024 cur: 25 write: 896
FILEHEADER: 1441 scrn17.png
4 block: 1024 cur: 93 write: 0
-87 61 -103 -1 | 3 7 -48 63 | -11 66 100 47 | -59 0 0 0 | 0 73 69 78 | 68 -82 66 96 | -126 -95 5 0 | 0 115 99 114 | 110 49 55 46 | 112 110 103 0 | 0 0 0 0 | 0 0 0 0 | 0 0 0 0 | 0 0 0 0 | 0 0 0 0 | 0 0 0 0 | 0 0 0 0 | 0 0 0 0 | 0 0 0 0 | 0 0 0 0 | 0 0 0 0 | 0 0 0 0 | 0 0 0 0 | 0 -119 80 78 | 71 13 10 26 | 10 0 0 0 | 13 73 72 68 | 82 0 0 0 | 47 0 0 0 | 15 8 6 0 | 0 0 116 -117 | -106 -102 0 0 | 0 4 115 66 | 73 84 8 8 | 8 8 124 8 | 
5 block: 1024 cur: 93 write: 0
www
File is open.
В ФАЙЛ БЫЛО ДОПИСАН: 931 БАЙТ!
bytes_read 2: 1024
100 26 30 -48 | -72 75 57 -55 | -15 -99 -108 97 | -65 -57 -49 126 | -4 67 -126 21 | -4 39 123 -101 | 91 -7 123 -88 | 22 -44 82 -125 | 116 -63 106 4 | -59 -117 71 53 | -30 93 7 -115 | -118 8 -60 16 | -40 -115 87 -104 | -20 108 112 -94 | -9 109 -114 47 | 61 -61 -14 -46 | -46 125 65 91 | -61 50 9 24 | 102 10 34 8 | -66 -75 34 14 | 12 -65 -99 -120 | 41 -32 -25 -51 | 20 16 -46 -92 | 67 81 84 -8 | -70 -62 -100 17 | 52 -29 90 -2 | 27 118 -118 127 | 80 -124 12 -81 | 16 93 -115 -109 | -120 23 71 -116 | 14 -45 -108 -96 | 17 47 -122 19 | -113 106 69 -89 | -77 66 8 53 | 19 -67 -51 78 | 
5 block: 1024 cur: 0 write: 931
www222
File is open.
В ФАЙЛ БЫЛО ДОПИСАН: 510 БАЙТ!
3 block: 1024 cur: 510 write: 1441
FILEHEADER: 1044 scrn18.png
4 block: 1024 cur: 578 write: 0
100 26 30 -48 | -72 75 57 -55 | -15 -99 -108 97 | -65 -57 -49 126 | -4 67 -126 21 | -4 39 123 -101 | 91 -7 123 -88 | 22 -44 82 -125 | 116 -63 106 4 | -59 -117 71 53 | -30 93 7 -115 | -118 8 -60 16 | -40 -115 87 -104 | -20 108 112 -94 | -9 109 -114 47 | 61 -61 -14 -46 | -46 125 65 91 | -61 50 9 24 | 102 10 34 8 | -66 -75 34 14 | 12 -65 -99 -120 | 41 -32 -25 -51 | 20 16 -46 -92 | 67 81 84 -8 | -70 -62 -100 17 | 52 -29 90 -2 | 27 118 -118 127 | 80 -124 12 -81 | 16 93 -115 -109 | -120 23 71 -116 | 14 -45 -108 -96 | 17 47 -122 19 | -113 106 69 -89 | -77 66 8 53 | 19 -67 -51 78 | 
5 block: 1024 cur: 578 write: 0
www
File is open.
В ФАЙЛ БЫЛО ДОПИСАН: 446 БАЙТ!
bytes_read 2: 598
3 -54 -73 -105 | -66 -30 -35 119 | -50 114 -30 -8 | 81 -34 -1 -32 | -4 -82 117 -62 | 46 -24 118 -37 | -38 111 -73 61 | -41 -82 -2 70 | -67 86 99 -2 | -39 -41 56 118 | 124 -122 -60 -35 | 34 118 127 16 | 103 -85 108 0 | -83 -20 46 -94 | 17 107 -15 10 | 125 -31 56 -30 | 122 -104 -88 -2 | 67 -75 50 -49 | -53 -49 -49 51 | 56 88 -27 -62 | -57 -97 -80 -68 | 120 -99 -79 -119 | -39 -35 -64 21 | 80 -112 98 121 | 41 -68 -100 -36 | 14 119 -40 -45 | -10 50 -12 -108 | 66 -50 -99 123 | -113 -109 115 79 | 0 77 -106 -109 | 111 -80 126 21 | 0 -25 19 4 | -56 124 -122 -90 | 53 -46 84 9 | 52 100 -93 -7 | 
5 block: 598 cur: 0 write: 446
www
File is open.
В ФАЙЛ БЫЛО ДОПИСАН: 598 БАЙТ!
RECVALL
bytes_read 0: 1024
0 block: 1024 cur: 12 write: 4294967295
0==0
k block: 1024 cur: 12 write: 4294967295
3 block: 1024 cur: 12 write: 4294967295
FILEHEADER: 1785 scrn14.png
4 block: 1024 cur: 80 write: 0
86 26 0 0 | 5 0 0 0 | 0 0 0 0 | -7 6 0 0 | 115 99 114 110 | 49 52 46 112 | 110 103 0 0 | 0 0 0 0 | 0 0 0 0 | 0 0 0 0 | 0 0 0 0 | 0 0 0 0 | 0 0 0 0 | 0 0 0 0 | 0 0 0 0 | 0 0 0 0 | 0 0 0 0 | 0 0 0 0 | 0 0 0 0 | 0 0 0 0 | -119 80 78 71 | 13 10 26 10 | 0 0 0 13 | 73 72 68 82 | 0 0 0 47 | 0 0 0 23 | 8 6 0 0 | 0 -101 14 22 | 108 0 0 0 | 4 115 66 73 | 84 8 8 8 | 8 124 8 100 | -120 0 0 0 | 25 116 69 88 | 116 83 111 102 | 
5 block: 1024 cur: 80 write: 0
www
File is open.
В ФАЙЛ БЫЛО ДОПИСАН: 944 БАЙТ!
bytes_read 2: 1024
64 34 -87 -63 | -104 90 58 -58 | 40 -103 3 -43 | -118 96 18 -60 | 117 102 108 -59 | -57 102 -49 -112 | -25 45 6 -59 | -128 17 27 76 | 113 3 56 117 | 63 -14 82 -97 | -80 -101 -103 -34 | -84 109 -74 10 | -91 -60 -114 74 | 98 11 111 113 | 117 -16 99 -118 | -86 -113 -70 -64 | 72 87 16 45 | 1 75 -107 70 | 88 11 86 77 | 109 96 -115 20 | 69 42 90 89 | -121 42 -114 0 | -117 106 -62 -112 | 16 45 -104 -103 | 58 -60 19 -99 | -125 88 102 24 | -69 17 81 35 | -104 -34 -98 -28 | 107 19 79 -66 | -79 71 -99 16 | 87 -74 45 98 | 55 44 114 -83 | -1 75 -118 114 | 3 -111 64 -108 | -120 33 34 41 | 
5 block: 1024 cur: 0 write: 944
www222
File is open.
В ФАЙЛ БЫЛО ДОПИСАН: 841 БАЙТ!
3 block: 1024 cur: 841 write: 1785
FILEHEADER: 1224 scrn15.png
4 block: 1024 cur: 909 write: 0
64 34 -87 -63 | -104 90 58 -58 | 40 -103 3 -43 | -118 96 18 -60 | 117 102 108 -59 | -57 102 -49 -112 | -25 45 6 -59 | -128 17 27 76 | 113 3 56 117 | 63 -14 82 -97 | -80 -101 -103 -34 | -84 109 -74 10 | -91 -60 -114 74 | 98 11 111 113 | 117 -16 99 -118 | -86 -113 -70 -64 | 72 87 16 45 | 1 75 -107 70 | 88 11 86 77 | 109 96 -115 20 | 69 42 90 89 | -121 42 -114 0 | -117 106 -62 -112 | 16 45 -104 -103 | 58 -60 19 -99 | -125 88 102 24 | -69 17 81 35 | -104 -34 -98 -28 | 107 19 79 -66 | -79 71 -99 16 | 87 -74 45 98 | 55 44 114 -83 | -1 75 -118 114 | 3 -111 64 -108 | -120 33 34 41 | 
5 block: 1024 cur: 909 write: 0
www
File is open.
В ФАЙЛ БЫЛО ДОПИСАН: 115 БАЙТ!
bytes_read 2: 1024
14 -56 51 -128 | 8 -47 -60 -123 | 36 106 12 38 | -30 -62 -123 11 | -3 15 -64 -107 | 27 -1 3 22 | 110 -108 29 11 | 19 -35 -88 -96 | 43 99 -60 68 | 77 124 -84 -40 | 17 -15 -123 -110 | 72 66 8 4 | 24 104 -58 -31 | -47 51 -45 -73 | 111 -33 91 117 | -114 -117 -70 -3 | 24 50 51 76 | 27 -8 -110 74 | 87 -11 -67 -9 | -100 -13 85 -99 | -13 -43 49 62 | -53 -43 -38 6 | -88 1 27 1 | 54 -52 -115 9 | 115 27 1 99 | 60 26 -92 -112 | 92 3 -55 33 | -53 64 45 76 | -20 1 -54 -85 | -6 90 -100 -61 | -122 -87 5 3 | 32 97 105 76 | -1 45 21 -64 | 63 -60 -96 7 | 81 10 46 -75 | 
5 block: 1024 cur: 0 write: 115
www
File is open.
В ФАЙЛ БЫЛО ДОПИСАН: 1024 БАЙТ!
bytes_read 2: 1024
-111 124 -58 -67 | -123 43 120 22 | 66 -7 96 113 | -66 -125 -30 16 | -55 49 40 88 | 91 -24 65 -124 | -91 6 -111 67 | -116 18 -37 81 | -78 44 -63 -48 | -95 66 25 76 | 21 -17 61 -99 | 78 11 -25 115 | -102 -2 87 -58 | -94 67 -84 51 | 19 4 117 -53 | 89 -82 -55 -5 | 15 -81 100 5 | 125 -127 -47 25 | 70 0 0 0 | 0 73 69 78 | 68 -82 66 96 | -126 -128 3 0 | 0 115 99 114 | 110 49 54 46 | 112 110 103 0 | 0 0 0 0 | 0 0 0 0 | 0 0 0 0 | 0 0 0 0 | 0 0 0 0 | 0 0 0 0 | 0 0 0 0 | 0 0 0 0 | 0 0 0 0 | 0 0 0 0 | 
5 block: 1024 cur: 0 write: 1139
www222
File is open.
В ФАЙЛ БЫЛО ДОПИСАН: 85 БАЙТ!
3 block: 1024 cur: 85 write: 1224
FILEHEADER: 896 scrn16.png
4 block: 1024 cur: 153 write: 0
-111 124 -58 -67 | -123 43 120 22 | 66 -7 96 113 | -66 -125 -30 16 | -55 49 40 88 | 91 -24 65 -124 | -91 6 -111 67 | -116 18 -37 81 | -78 44 -63 -48 | -95 66 25 76 | 21 -17 61 -99 | 78 11 -25 115 | -102 -2 87 -58 | -94 67 -84 51 | 19 4 117 -53 | 89 -82 -55 -5 | 15 -81 100 5 | 125 -127 -47 25 | 70 0 0 0 | 0 73 69 78 | 68 -82 66 96 | -126 -128 3 0 | 0 115 99 114 | 110 49 54 46 | 112 110 103 0 | 0 0 0 0 | 0 0 0 0 | 0 0 0 0 | 0 0 0 0 | 0 0 0 0 | 0 0 0 0 | 0 0 0 0 | 0 0 0 0 | 0 0 0 0 | 0 0 0 0 | 
5 block: 1024 cur: 153 write: 0
www
File is open.
В ФАЙЛ БЫЛО ДОПИСАН: 871 БАЙТ!
bytes_read 2: 1024
-87 61 -103 -1 | 3 7 -48 63 | -11 66 100 47 | -59 0 0 0 | 0 73 69 78 | 68 -82 66 96 | -126 -95 5 0 | 0 115 99 114 | 110 49 55 46 | 112 110 103 0 | 0 0 0 0 | 0 0 0 0 | 0 0 0 0 | 0 0 0 0 | 0 0 0 0 | 0 0 0 0 | 0 0 0 0 | 0 0 0 0 | 0 0 0 0 | 0 0 0 0 | 0 0 0 0 | 0 0 0 0 | 0 0 0 0 | 0 -119 80 78 | 71 13 10 26 | 10 0 0 0 | 13 73 72 68 | 82 0 0 0 | 47 0 0 0 | 15 8 6 0 | 0 0 116 -117 | -106 -102 0 0 | 0 4 115 66 | 73 84 8 8 | 8 8 124 8 | 
5 block: 1024 cur: 0 write: 871
www222
File is open.
В ФАЙЛ БЫЛО ДОПИСАН: 25 БАЙТ!
3 block: 1024 cur: 25 write: 896
FILEHEADER: 1441 scrn17.png
4 block: 1024 cur: 93 write: 0
-87 61 -103 -1 | 3 7 -48 63 | -11 66 100 47 | -59 0 0 0 | 0 73 69 78 | 68 -82 66 96 | -126 -95 5 0 | 0 115 99 114 | 110 49 55 46 | 112 110 103 0 | 0 0 0 0 | 0 0 0 0 | 0 0 0 0 | 0 0 0 0 | 0 0 0 0 | 0 0 0 0 | 0 0 0 0 | 0 0 0 0 | 0 0 0 0 | 0 0 0 0 | 0 0 0 0 | 0 0 0 0 | 0 0 0 0 | 0 -119 80 78 | 71 13 10 26 | 10 0 0 0 | 13 73 72 68 | 82 0 0 0 | 47 0 0 0 | 15 8 6 0 | 0 0 116 -117 | -106 -102 0 0 | 0 4 115 66 | 73 84 8 8 | 8 8 124 8 | 
5 block: 1024 cur: 93 write: 0
www
File is open.
В ФАЙЛ БЫЛО ДОПИСАН: 931 БАЙТ!
bytes_read 2: 1024
100 26 30 -48 | -72 75 57 -55 | -15 -99 -108 97 | -65 -57 -49 126 | -4 67 -126 21 | -4 39 123 -101 | 91 -7 123 -88 | 22 -44 82 -125 | 116 -63 106 4 | -59 -117 71 53 | -30 93 7 -115 | -118 8 -60 16 | -40 -115 87 -104 | -20 108 112 -94 | -9 109 -114 47 | 61 -61 -14 -46 | -46 125 65 91 | -61 50 9 24 | 102 10 34 8 | -66 -75 34 14 | 12 -65 -99 -120 | 41 -32 -25 -51 | 20 16 -46 -92 | 67 81 84 -8 | -70 -62 -100 17 | 52 -29 90 -2 | 27 118 -118 127 | 80 -124 12 -81 | 16 93 -115 -109 | -120 23 71 -116 | 14 -45 -108 -96 | 17 47 -122 19 | -113 106 69 -89 | -77 66 8 53 | 19 -67 -51 78 | 
5 block: 1024 cur: 0 write: 931
www222
File is open.
В ФАЙЛ БЫЛО ДОПИСАН: 510 БАЙТ!
3 block: 1024 cur: 510 write: 1441
FILEHEADER: 1044 scrn18.png
4 block: 1024 cur: 578 write: 0
100 26 30 -48 | -72 75 57 -55 | -15 -99 -108 97 | -65 -57 -49 126 | -4 67 -126 21 | -4 39 123 -101 | 91 -7 123 -88 | 22 -44 82 -125 | 116 -63 106 4 | -59 -117 71 53 | -30 93 7 -115 | -118 8 -60 16 | -40 -115 87 -104 | -20 108 112 -94 | -9 109 -114 47 | 61 -61 -14 -46 | -46 125 65 91 | -61 50 9 24 | 102 10 34 8 | -66 -75 34 14 | 12 -65 -99 -120 | 41 -32 -25 -51 | 20 16 -46 -92 | 67 81 84 -8 | -70 -62 -100 17 | 52 -29 90 -2 | 27 118 -118 127 | 80 -124 12 -81 | 16 93 -115 -109 | -120 23 71 -116 | 14 -45 -108 -96 | 17 47 -122 19 | -113 106 69 -89 | -77 66 8 53 | 19 -67 -51 78 | 
5 block: 1024 cur: 578 write: 0
www
File is open.
В ФАЙЛ БЫЛО ДОПИСАН: 446 БАЙТ!
bytes_read 2: 598
3 -54 -73 -105 | -66 -30 -35 119 | -50 114 -30 -8 | 81 -34 -1 -32 | -4 -82 117 -62 | 46 -24 118 -37 | -38 111 -73 61 | -41 -82 -2 70 | -67 86 99 -2 | -39 -41 56 118 | 124 -122 -60 -35 | 34 118 127 16 | 103 -85 108 0 | -83 -20 46 -94 | 17 107 -15 10 | 125 -31 56 -30 | 122 -104 -88 -2 | 67 -75 50 -49 | -53 -49 -49 51 | 56 88 -27 -62 | -57 -97 -80 -68 | 120 -99 -79 -119 | -39 -35 -64 21 | 80 -112 98 121 | 41 -68 -100 -36 | 14 119 -40 -45 | -10 50 -12 -108 | 66 -50 -99 123 | -113 -109 115 79 | 0 77 -106 -109 | 111 -80 126 21 | 0 -25 19 4 | -56 124 -122 -90 | 53 -46 84 9 | 52 100 -93 -7 | 
5 block: 598 cur: 0 write: 446
www
File is open.
В ФАЙЛ БЫЛО ДОПИСАН: 598 БАЙТ!
RECVALL
bytes_read 0: 1024
0 block: 1024 cur: 12 write: 4294967295
0==0
k block: 1024 cur: 12 write: 4294967295
3 block: 1024 cur: 12 write: 4294967295
FILEHEADER: 1785 scrn14.png
4 block: 1024 cur: 80 write: 0
86 26 0 0 | 5 0 0 0 | 0 0 0 0 | -7 6 0 0 | 115 99 114 110 | 49 52 46 112 | 110 103 0 0 | 0 0 0 0 | 0 0 0 0 | 0 0 0 0 | 0 0 0 0 | 0 0 0 0 | 0 0 0 0 | 0 0 0 0 | 0 0 0 0 | 0 0 0 0 | 0 0 0 0 | 0 0 0 0 | 0 0 0 0 | 0 0 0 0 | -119 80 78 71 | 13 10 26 10 | 0 0 0 13 | 73 72 68 82 | 0 0 0 47 | 0 0 0 23 | 8 6 0 0 | 0 -101 14 22 | 108 0 0 0 | 4 115 66 73 | 84 8 8 8 | 8 124 8 100 | -120 0 0 0 | 25 116 69 88 | 116 83 111 102 | 
5 block: 1024 cur: 80 write: 0
www
File is open.
В ФАЙЛ БЫЛО ДОПИСАН: 944 БАЙТ!
bytes_read 2: 1024
64 34 -87 -63 | -104 90 58 -58 | 40 -103 3 -43 | -118 96 18 -60 | 117 102 108 -59 | -57 102 -49 -112 | -25 45 6 -59 | -128 17 27 76 | 113 3 56 117 | 63 -14 82 -97 | -80 -101 -103 -34 | -84 109 -74 10 | -91 -60 -114 74 | 98 11 111 113 | 117 -16 99 -118 | -86 -113 -70 -64 | 72 87 16 45 | 1 75 -107 70 | 88 11 86 77 | 109 96 -115 20 | 69 42 90 89 | -121 42 -114 0 | -117 106 -62 -112 | 16 45 -104 -103 | 58 -60 19 -99 | -125 88 102 24 | -69 17 81 35 | -104 -34 -98 -28 | 107 19 79 -66 | -79 71 -99 16 | 87 -74 45 98 | 55 44 114 -83 | -1 75 -118 114 | 3 -111 64 -108 | -120 33 34 41 | 
5 block: 1024 cur: 0 write: 944
www222
File is open.
В ФАЙЛ БЫЛО ДОПИСАН: 841 БАЙТ!
3 block: 1024 cur: 841 write: 1785
FILEHEADER: 1224 scrn15.png
4 block: 1024 cur: 909 write: 0
64 34 -87 -63 | -104 90 58 -58 | 40 -103 3 -43 | -118 96 18 -60 | 117 102 108 -59 | -57 102 -49 -112 | -25 45 6 -59 | -128 17 27 76 | 113 3 56 117 | 63 -14 82 -97 | -80 -101 -103 -34 | -84 109 -74 10 | -91 -60 -114 74 | 98 11 111 113 | 117 -16 99 -118 | -86 -113 -70 -64 | 72 87 16 45 | 1 75 -107 70 | 88 11 86 77 | 109 96 -115 20 | 69 42 90 89 | -121 42 -114 0 | -117 106 -62 -112 | 16 45 -104 -103 | 58 -60 19 -99 | -125 88 102 24 | -69 17 81 35 | -104 -34 -98 -28 | 107 19 79 -66 | -79 71 -99 16 | 87 -74 45 98 | 55 44 114 -83 | -1 75 -118 114 | 3 -111 64 -108 | -120 33 34 41 | 
5 block: 1024 cur: 909 write: 0
www
File is open.
В ФАЙЛ БЫЛО ДОПИСАН: 115 БАЙТ!
bytes_read 2: 1024
14 -56 51 -128 | 8 -47 -60 -123 | 36 106 12 38 | -30 -62 -123 11 | -3 15 -64 -107 | 27 -1 3 22 | 110 -108 29 11 | 19 -35 -88 -96 | 43 99 -60 68 | 77 124 -84 -40 | 17 -15 -123 -110 | 72 66 8 4 | 24 104 -58 -31 | -47 51 -45 -73 | 111 -33 91 117 | -114 -117 -70 -3 | 24 50 51 76 | 27 -8 -110 74 | 87 -11 -67 -9 | -100 -13 85 -99 | -13 -43 49 62 | -53 -43 -38 6 | -88 1 27 1 | 54 -52 -115 9 | 115 27 1 99 | 60 26 -92 -112 | 92 3 -55 33 | -53 64 45 76 | -20 1 -54 -85 | -6 90 -100 -61 | -122 -87 5 3 | 32 97 105 76 | -1 45 21 -64 | 63 -60 -96 7 | 81 10 46 -75 | 
5 block: 1024 cur: 0 write: 115
www
File is open.
В ФАЙЛ БЫЛО ДОПИСАН: 1024 БАЙТ!
bytes_read 2: 1024
-111 124 -58 -67 | -123 43 120 22 | 66 -7 96 113 | -66 -125 -30 16 | -55 49 40 88 | 91 -24 65 -124 | -91 6 -111 67 | -116 18 -37 81 | -78 44 -63 -48 | -95 66 25 76 | 21 -17 61 -99 | 78 11 -25 115 | -102 -2 87 -58 | -94 67 -84 51 | 19 4 117 -53 | 89 -82 -55 -5 | 15 -81 100 5 | 125 -127 -47 25 | 70 0 0 0 | 0 73 69 78 | 68 -82 66 96 | -126 -128 3 0 | 0 115 99 114 | 110 49 54 46 | 112 110 103 0 | 0 0 0 0 | 0 0 0 0 | 0 0 0 0 | 0 0 0 0 | 0 0 0 0 | 0 0 0 0 | 0 0 0 0 | 0 0 0 0 | 0 0 0 0 | 0 0 0 0 | 
5 block: 1024 cur: 0 write: 1139
www222
File is open.
В ФАЙЛ БЫЛО ДОПИСАН: 85 БАЙТ!
3 block: 1024 cur: 85 write: 1224
FILEHEADER: 896 scrn16.png
4 block: 1024 cur: 153 write: 0
-111 124 -58 -67 | -123 43 120 22 | 66 -7 96 113 | -66 -125 -30 16 | -55 49 40 88 | 91 -24 65 -124 | -91 6 -111 67 | -116 18 -37 81 | -78 44 -63 -48 | -95 66 25 76 | 21 -17 61 -99 | 78 11 -25 115 | -102 -2 87 -58 | -94 67 -84 51 | 19 4 117 -53 | 89 -82 -55 -5 | 15 -81 100 5 | 125 -127 -47 25 | 70 0 0 0 | 0 73 69 78 | 68 -82 66 96 | -126 -128 3 0 | 0 115 99 114 | 110 49 54 46 | 112 110 103 0 | 0 0 0 0 | 0 0 0 0 | 0 0 0 0 | 0 0 0 0 | 0 0 0 0 | 0 0 0 0 | 0 0 0 0 | 0 0 0 0 | 0 0 0 0 | 0 0 0 0 | 
5 block: 1024 cur: 153 write: 0
www
File is open.
В ФАЙЛ БЫЛО ДОПИСАН: 871 БАЙТ!
bytes_read 2: 1024
-87 61 -103 -1 | 3 7 -48 63 | -11 66 100 47 | -59 0 0 0 | 0 73 69 78 | 68 -82 66 96 | -126 -95 5 0 | 0 115 99 114 | 110 49 55 46 | 112 110 103 0 | 0 0 0 0 | 0 0 0 0 | 0 0 0 0 | 0 0 0 0 | 0 0 0 0 | 0 0 0 0 | 0 0 0 0 | 0 0 0 0 | 0 0 0 0 | 0 0 0 0 | 0 0 0 0 | 0 0 0 0 | 0 0 0 0 | 0 -119 80 78 | 71 13 10 26 | 10 0 0 0 | 13 73 72 68 | 82 0 0 0 | 47 0 0 0 | 15 8 6 0 | 0 0 116 -117 | -106 -102 0 0 | 0 4 115 66 | 73 84 8 8 | 8 8 124 8 | 
5 block: 1024 cur: 0 write: 871
www222
File is open.
В ФАЙЛ БЫЛО ДОПИСАН: 25 БАЙТ!
3 block: 1024 cur: 25 write: 896
FILEHEADER: 1441 scrn17.png
4 block: 1024 cur: 93 write: 0
-87 61 -103 -1 | 3 7 -48 63 | -11 66 100 47 | -59 0 0 0 | 0 73 69 78 | 68 -82 66 96 | -126 -95 5 0 | 0 115 99 114 | 110 49 55 46 | 112 110 103 0 | 0 0 0 0 | 0 0 0 0 | 0 0 0 0 | 0 0 0 0 | 0 0 0 0 | 0 0 0 0 | 0 0 0 0 | 0 0 0 0 | 0 0 0 0 | 0 0 0 0 | 0 0 0 0 | 0 0 0 0 | 0 0 0 0 | 0 -119 80 78 | 71 13 10 26 | 10 0 0 0 | 13 73 72 68 | 82 0 0 0 | 47 0 0 0 | 15 8 6 0 | 0 0 116 -117 | -106 -102 0 0 | 0 4 115 66 | 73 84 8 8 | 8 8 124 8 | 
5 block: 1024 cur: 93 write: 0
www
File is open.
В ФАЙЛ БЫЛО ДОПИСАН: 931 БАЙТ!
bytes_read 2: 1024
100 26 30 -48 | -72 75 57 -55 | -15 -99 -108 97 | -65 -57 -49 126 | -4 67 -126 21 | -4 39 123 -101 | 91 -7 123 -88 | 22 -44 82 -125 | 116 -63 106 4 | -59 -117 71 53 | -30 93 7 -115 | -118 8 -60 16 | -40 -115 87 -104 | -20 108 112 -94 | -9 109 -114 47 | 61 -61 -14 -46 | -46 125 65 91 | -61 50 9 24 | 102 10 34 8 | -66 -75 34 14 | 12 -65 -99 -120 | 41 -32 -25 -51 | 20 16 -46 -92 | 67 81 84 -8 | -70 -62 -100 17 | 52 -29 90 -2 | 27 118 -118 127 | 80 -124 12 -81 | 16 93 -115 -109 | -120 23 71 -116 | 14 -45 -108 -96 | 17 47 -122 19 | -113 106 69 -89 | -77 66 8 53 | 19 -67 -51 78 | 
5 block: 1024 cur: 0 write: 931
www222
File is open.
В ФАЙЛ БЫЛО ДОПИСАН: 510 БАЙТ!
3 block: 1024 cur: 510 write: 1441
FILEHEADER: 1044 scrn18.png
4 block: 1024 cur: 578 write: 0
100 26 30 -48 | -72 75 57 -55 | -15 -99 -108 97 | -65 -57 -49 126 | -4 67 -126 21 | -4 39 123 -101 | 91 -7 123 -88 | 22 -44 82 -125 | 116 -63 106 4 | -59 -117 71 53 | -30 93 7 -115 | -118 8 -60 16 | -40 -115 87 -104 | -20 108 112 -94 | -9 109 -114 47 | 61 -61 -14 -46 | -46 125 65 91 | -61 50 9 24 | 102 10 34 8 | -66 -75 34 14 | 12 -65 -99 -120 | 41 -32 -25 -51 | 20 16 -46 -92 | 67 81 84 -8 | -70 -62 -100 17 | 52 -29 90 -2 | 27 118 -118 127 | 80 -124 12 -81 | 16 93 -115 -109 | -120 23 71 -116 | 14 -45 -108 -96 | 17 47 -122 19 | -113 106 69 -89 | -77 66 8 53 | 19 -67 -51 78 | 
5 block: 1024 cur: 578 write: 0
www
File is open.
В ФАЙЛ БЫЛО ДОПИСАН: 446 БАЙТ!
bytes_read 2: 598
3 -54 -73 -105 | -66 -30 -35 119 | -50 114 -30 -8 | 81 -34 -1 -32 | -4 -82 117 -62 | 46 -24 118 -37 | -38 111 -73 61 | -41 -82 -2 70 | -67 86 99 -2 | -39 -41 56 118 | 124 -122 -60 -35 | 34 118 127 16 | 103 -85 108 0 | -83 -20 46 -94 | 17 107 -15 10 | 125 -31 56 -30 | 122 -104 -88 -2 | 67 -75 50 -49 | -53 -49 -49 51 | 56 88 -27 -62 | -57 -97 -80 -68 | 120 -99 -79 -119 | -39 -35 -64 21 | 80 -112 98 121 | 41 -68 -100 -36 | 14 119 -40 -45 | -10 50 -12 -108 | 66 -50 -99 123 | -113 -109 115 79 | 0 77 -106 -109 | 111 -80 126 21 | 0 -25 19 4 | -56 124 -122 -90 | 53 -46 84 9 | 52 100 -93 -7 | 
5 block: 598 cur: 0 write: 446
www
File is open.
В ФАЙЛ БЫЛО ДОПИСАН: 598 БАЙТ!
